1596041151.2049136 23.8750 99.43 0.1521 1.2705
1596041151.4459107 23.8750 99.43 0.1524 1.2512
1596041151.685733 23.8750 99.29 0.1524 1.2327
1596041151.9174838 23.9375 99.43 0.1524 1.2150
1596041152.1550438 23.8750 99.43 0.1521 1.1970
1596041152.3906038 23.8750 99.43 0.1526 1.1797
1596041152.6255803 23.8750 99.43 0.1521 1.1625
1596041152.8528929 23.8750 99.43 0.1524 1.1463
1596041153.087513 23.8750 99.43 0.1524 1.1298
1596041153.3201532 23.8750 99.43 0.1524 1.1137
1596041153.5535944 23.8750 99.43 0.1521 1.0978
1596041153.7866132 23.8750 99.43 0.1521 1.0822
1596041154.028419 23.8750 99.43 0.1524 1.0662
1596041154.2599142 23.8750 99.43 0.1521 1.0512
1596041154.4875832 23.8750 99.43 0.1521 1.0367
1596041154.7276835 23.8750 99.43 0.1524 1.0212
1596041154.9776103 23.8750 99.43 0.1521 1.0062
1596041155.2074718 23.8750 99.43 0.1521 0.9923
1596041155.4472885 23.9375 99.29 0.1521 0.9780
1596041155.67835 23.9375 99.43 4.7873 1.0379
1596041155.9181724 23.8750 99.43 4.7876 1.1016
1596041156.148112 23.8750 99.43 4.7871 1.1617
1596041156.3779285 23.8750 99.43 4.7876 1.2205
1596041156.6078138 23.8750 99.43 4.7876 1.2786
1596041156.8377402 23.8750 99.43 4.7871 1.3358
1596041157.0676157 23.8750 99.43 4.7879 1.3926
1596041157.2974913 23.8750 99.43 4.7879 1.4474
1596041157.5273764 23.8750 99.43 0.0281 1.4717
1596041157.75725 23.8750 99.43 0.0275 1.4482
1596041157.987069 23.8750 99.43 0.0275 1.4250
1596041158.217001 23.8750 99.43 0.0275 1.4022
1596041158.4468756 23.8750 99.43 0.0273 1.3799
1596041158.686416 23.8750 99.43 0.0275 1.3569
1596041158.9261749 23.8750 99.43 0.0275 1.3343
1596041159.1661513 23.8750 99.43 0.0273 1.3121
1596041159.4059157 23.8750 99.43 0.0273 1.2904
1596041159.6359043 23.8750 99.43 0.0275 1.2698
1596041159.8658268 23.8750 99.43 0.0273 1.2495
1596041160.1055744 23.8750 99.43 0.0273 1.2289
1596041160.335531 23.8750 99.43 0.0273 1.2092
1596041160.571049 23.8750 99.43 4.7871 1.2119
1596041160.8109152 23.8750 99.43 4.7876 1.2727
1596041161.0507941 23.8750 99.43 4.7873 1.3322
1596041161.2905524 23.8750 99.43 4.7876 1.3904
1596041161.5205402 23.8750 99.43 4.7873 1.4463
1596041161.7604938 23.8750 99.29 4.7876 1.5031
1596041162.0003464 23.9375 99.43 4.7876 1.5587
1596041162.2401547 23.8750 99.43 4.7871 1.6152
1596041162.4900234 23.9375 99.29 4.7876 1.6696
1596041162.7199557 23.9375 99.29 4.7873 1.7206
1596041162.9498293 23.9375 99.43 4.7876 1.7706
1596041163.1797087 23.8750 99.43 4.7873 1.8198
1596041163.4194179 23.8750 99.43 4.7873 1.8702
1596041163.6494637 23.8750 99.43 4.7879 1.9177
1596041163.8833733 23.8750 99.29 4.7873 1.9649
1596041164.1252606 23.9375 99.43 4.7876 2.0131
1596041164.3553038 23.8750 99.43 4.7876 2.0589
1596041164.5851295 23.8750 99.29 4.7876 2.1032
1596041164.815058 23.9375 99.43 4.7876 2.1469
1596041165.0548778 23.8750 99.43 4.7876 2.1918
1596041165.2847686 23.8750 99.43 4.7881 2.2341
1596041165.514653 23.8750 99.29 4.7876 2.2757
1596041165.7446694 23.9375 99.43 4.7879 2.3167
1596041165.976644 23.8750 99.29 4.7879 2.3570
1596041166.2154627 23.9375 99.29 4.7879 2.3984
1596041166.4553325 23.8750 99.43 4.7876 2.4391
1596041166.693201 23.8750 99.43 4.7881 2.4787
1596041166.9330788 23.8750 99.43 4.7876 2.5179
1596041167.1629975 23.8750 99.43 4.7879 2.5547
1596041167.3928356 23.8750 99.43 4.7876 2.5913
1596041167.632584 23.8750 99.43 4.7876 2.6283
1596041167.872567 23.9375 99.29 4.7879 2.6652
1596041168.1123698 23.9375 99.29 4.7876 2.7012
1596041168.342372 23.9375 99.43 4.7879 2.7353
1596041168.5821888 23.8750 99.43 4.7879 2.7700
1596041168.8221161 23.8750 99.29 4.7876 2.8043
1596041169.0619836 23.9375 99.29 4.7873 2.8377
1596041169.3018024 23.9375 99.29 4.7879 2.8712
1596041169.5415716 23.9375 99.29 4.7876 2.9036
1596041169.7716029 23.9375 99.43 4.7876 2.9345
1596041170.0114298 23.8750 99.43 4.7876 2.9659
1596041170.241361 23.8750 99.43 4.7879 2.9956
1596041170.4712338 23.8750 99.43 4.7876 3.0247
1596041170.711096 23.8750 99.43 4.7879 3.0547
1596041170.9509296 23.8750 99.29 4.7881 3.0842
1596041171.1907246 23.9375 99.29 4.7879 3.1129
1596041171.420669 23.9375 99.29 4.7879 3.1404
1596041171.660532 23.9375 99.29 4.7873 3.1683
1596041171.8904774 23.9375 99.29 4.7873 3.1948
1596041172.1301775 23.9375 99.29 4.7879 3.2215
1596041172.370052 23.9375 99.29 4.7876 3.2481
1596041172.6025412 23.9375 99.29 4.7876 3.2735
1596041172.8424134 23.9375 99.43 4.7879 3.2992
1596041173.0822854 23.8750 99.29 4.7881 3.3245
1596041173.3221557 23.9375 99.29 4.7873 3.3495
1596041173.5620298 23.9375 99.29 4.7879 3.3738
1596041173.7934148 23.9375 99.29 4.7876 3.3970
1596041174.0332873 23.9375 99.29 4.7876 3.4206
1596041174.2731967 23.9375 99.29 4.7876 3.4438
1596041174.513069 23.9375 99.29 4.6074 3.4654
1596041174.752903 23.9375 99.43 4.3321 3.4821
1596041174.9927728 23.8750 99.29 4.0725 3.4940
1596041175.2326448 23.9375 99.29 3.8375 3.5015
1596041175.4725564 23.9375 99.29 3.6083 3.5050
1596041175.712391 23.9375 99.29 3.3920 3.5046
1596041175.9522629 23.9375 99.29 3.1882 3.5007
1596041176.1921337 23.9375 99.29 2.9976 3.4935
1596041176.432043 23.9375 99.29 2.8211 3.4834
1596041176.6718771 23.9375 99.29 2.5374 3.4700
1596041176.9117484 23.8750 99.43 2.0821 3.4496
1596041177.151618 23.8750 99.29 1.7084 3.4227
1596041177.3914948 23.9375 99.29 1.4024 3.3906
1596041177.6313996 23.9375 99.29 1.1541 3.3543
1596041177.871272 23.9375 99.29 0.9501 3.3148
1596041178.1111052 23.9375 99.29 0.7773 3.2728
1596041178.341104 23.9375 99.29 0.6440 3.2307
1596041178.5748286 23.9375 99.29 0.5347 3.1870
1596041178.8047225 23.9375 99.29 0.4440 3.1427
1596041179.0444639 23.9375 99.29 0.3679 3.0961
1596041179.2745032 23.9375 99.43 0.3073 3.0510
1596041179.5043745 23.8750 99.43 0.2567 3.0060
1596041179.7442088 23.9375 99.29 0.2135 2.9588
1596041179.9840715 23.9375 99.29 0.1775 2.9118
1596041180.2239501 23.9375 99.43 0.1482 2.8650
1596041180.4538732 23.8750 99.29 0.1248 2.8207
1596041180.6937423 23.9375 99.29 0.1138 2.7745
1596041180.9236236 23.9375 99.29 0.1138 2.7314
1596041181.1633298 23.9375 99.29 0.1366 2.6870
1596041181.403274 23.9375 99.29 0.2407 2.6447
1596041181.6431248 23.9375 99.29 0.4395 2.6054
1596041181.8731127 23.9375 99.29 0.7775 2.5730
1596041182.1128316 23.9375 99.29 1.4360 2.5484
1596041182.3428602 23.9375 99.29 2.6194 2.5402
1596041182.5727098 23.9375 99.29 4.6717 2.5588
1596041182.8028948 23.9375 99.29 4.7873 2.5952
1596041183.0386565 23.9375 99.29 4.7879 2.6317
1596041183.270737 23.9375 99.29 4.7876 2.6671
1596041183.5051594 23.9375 99.43 4.7879 2.7024
1596041183.7392838 23.8750 99.43 4.7879 2.7368
1596041183.9726872 23.9375 99.29 4.7876 2.7707
1596041184.2056735 23.9375 99.29 4.7876 2.8040
1596041184.448566 23.9375 99.29 4.7876 2.8384
1596041184.6789167 23.9375 99.43 4.7876 2.8699
1596041184.9149153 23.8750 99.29 0.1529 2.8863
1596041185.1462724 23.9375 99.29 0.1526 2.8415
1596041185.380584 23.9375 99.29 0.1526 2.7970
1596041185.618362 23.9375 99.29 0.1521 2.7522
1596041185.852936 23.9375 99.43 0.1526 2.7093
1596041186.0873055 23.8750 99.29 0.1524 2.6669
1596041186.3205776 23.9375 99.29 0.1521 2.6254
1596041186.5539563 23.9375 99.29 0.1524 2.5846
1596041186.7863996 23.8750 99.43 0.1524 2.5444
1596041187.0203376 23.8750 99.29 0.1526 2.5048
1596041187.2534187 23.9375 99.29 0.1524 2.4658
1596041187.4878457 23.9375 99.29 0.1524 2.4274
1596041187.728359 23.9375 99.29 0.1524 2.3886
1596041187.968269 23.9375 99.29 0.1524 2.3507
1596041188.1982412 23.9375 99.29 0.1524 2.3149
1596041188.4323022 23.9375 99.29 0.1521 2.2790
1596041188.6663985 23.9375 99.43 0.1524 2.2438
1596041188.9000106 23.8750 99.29 0.1524 2.2092
1596041189.1320586 23.9375 99.29 0.1524 2.1751
1596041189.3688192 23.9375 99.29 0.1524 2.1415
1596041189.6030765 23.9375 99.29 0.1524 2.1082
1596041189.8390162 23.9375 99.29 0.1521 2.0756
1596041190.0740578 23.9375 99.43 0.1524 2.0436
1596041190.3079956 23.8750 99.29 0.1521 2.0121
1596041190.5453396 23.9375 99.43 0.1518 1.9808
1596041190.7805562 23.8750 99.43 0.1524 1.9506
1596041191.0154898 23.9375 99.29 0.1526 1.9204
1596041191.2457218 23.9375 99.43 0.1524 1.8918
1596041191.4886317 23.8750 99.29 0.1521 1.8616
1596041191.7194355 23.9375 99.29 0.1524 1.8338
1596041191.9615757 23.9375 99.43 0.1524 1.8048
1596041192.2014596 23.8750 99.43 0.1518 1.7767
1596041192.4323177 23.8750 99.43 0.1521 1.7501
1596041192.672193 23.8750 99.29 0.1526 1.7230
1596041192.9057994 23.9375 99.43 0.1524 1.6969
1596041193.1457133 23.8750 99.43 0.1521 1.6708
1596041193.3788307 23.8750 99.29 0.1524 1.6457
1596041193.6088107 23.9375 99.29 0.1526 1.6213
1596041193.8391998 23.9375 99.29 0.1518 1.5975
1596041194.0751152 23.9375 99.29 0.1524 1.5732
1596041194.3149922 23.9375 99.43 0.1524 1.5490
1596041194.5493445 23.8750 99.29 0.1526 1.5259
1596041194.7892714 23.9375 99.29 0.1524 1.5026
1596041195.0224895 23.9375 99.29 0.1526 1.4803
1596041195.2523673 23.9375 99.29 0.1524 1.4586
1596041195.4857209 23.9375 99.43 0.1524 1.4370
1596041195.715712 23.8750 99.43 0.1524 1.4161
1596041195.948028 23.8750 99.29 0.1521 1.3953
1596041196.1823812 23.9375 99.29 0.1521 1.3746
1596041196.422264 23.9375 99.29 0.1524 1.3540
1596041196.6572278 23.9375 99.43 0.1524 1.3338
1596041196.8969355 23.8750 99.43 0.1524 1.3138
1596041197.1357908 23.8750 99.29 0.1518 1.2941
1596041197.3755596 23.9375 99.29 0.1521 1.2747
1596041197.6124258 23.9375 99.43 0.1521 1.2559
1596041197.8423486 23.8750 99.43 0.1524 1.2380
1596041198.0742126 23.9375 99.29 0.1521 1.2201
1596041198.3150923 23.9375 99.29 0.1524 1.2019
1596041198.5449705 23.9375 99.43 0.1521 1.1848
1596041198.7796335 23.8750 99.43 0.1524 1.1676
1596041199.019495 23.8750 99.43 0.1521 1.1503
1596041199.2556555 23.8750 99.43 0.1518 1.1336
1596041199.4955273 23.8750 99.43 0.1521 1.1170
1596041199.7293692 23.8750 99.43 0.1524 1.1010
1596041199.9691267 23.8750 99.43 0.1524 1.0849
1596041200.2000885 23.8750 99.29 0.1526 1.0697
1596041200.4423819 23.9375 99.29 0.1524 1.0538
1596041200.672213 23.9375 99.29 0.1521 1.0392
1596041200.9062147 23.8750 99.43 0.1524 1.0245
1596041201.1461182 23.8750 99.43 0.1524 1.0097
1596041201.3834014 23.8750 99.43 0.1526 0.9954
1596041201.623272 23.8750 99.43 0.1524 0.9809
1596041201.8555708 23.8750 99.29 4.7871 1.0272
1596041202.0854468 23.9375 99.29 4.7873 1.0885
1596041202.316318 23.9375 99.29 4.7873 1.1487
1596041202.5584545 23.9375 99.43 4.7873 1.2113
1596041202.7984028 23.8750 99.29 4.7873 1.2719
1596041203.0320578 23.9375 99.29 4.7873 1.3297
1596041203.272037 23.9375 99.29 4.7876 1.3887
1596041203.5091832 23.9375 99.29 4.7876 1.4457
1596041203.7415333 23.9375 99.29 0.0278 1.4675
1596041203.9723928 23.9375 99.43 0.0281 1.4439
1596041204.2024324 23.8750 99.29 0.0275 1.4209
1596041204.4341826 23.9375 99.43 0.0275 1.3982
1596041204.676985 23.8750 99.43 0.0275 1.3745
1596041204.9068072 23.8750 99.43 0.0275 1.3525
1596041205.139555 23.8750 99.43 0.0273 1.3307
1596041205.3694787 23.8750 99.43 0.0270 1.3095
1596041205.602837 23.8750 99.29 0.0273 1.2883
1596041205.8327281 23.9375 99.43 0.0275 1.2677
1596041206.062723 23.8750 99.43 0.0270 1.2476
1596041206.295847 23.9375 99.29 0.0275 1.2274
1596041206.5257027 23.9375 99.43 0.0273 1.2079
1596041206.7686963 23.8750 99.43 4.4963 1.2083
1596041206.9985967 23.8750 99.43 4.7871 1.2663
1596041207.2356822 23.8750 99.43 4.7873 1.3257
1596041207.465604 23.8750 99.43 4.7873 1.3821
1596041207.6990771 23.9375 99.29 4.7876 1.4384
1596041207.9389453 23.9375 99.43 4.7873 1.4953
1596041208.1698873 23.8750 99.43 4.7876 1.5489
1596041208.4029288 23.8750 99.29 4.7879 1.6026
1596041208.634589 23.9375 99.43 4.7876 1.6548
1596041208.8722286 23.8750 99.43 4.7876 1.7076
1596041209.1119964 23.9375 99.29 4.7873 1.7595
1596041209.3495278 23.9375 99.43 4.7876 1.8108
1596041209.5795922 23.8750 99.29 4.7876 1.8595
1596041209.8164904 23.9375 99.43 4.7879 1.9084
1596041210.056254 23.8750 99.29 4.7876 1.9574
1596041210.2874088 23.9375 99.29 4.7876 2.0035
1596041210.5194154 23.9375 99.29 4.7881 2.0495
1596041210.7492855 23.9375 99.43 4.7879 2.0941
1596041210.982261 23.8750 99.29 4.7876 2.1386
1596041211.221963 23.9375 99.29 4.7881 2.1830
1596041211.4553666 23.9375 99.29 4.7873 2.2266
1596041211.6934855 23.9375 99.29 4.7879 2.2696
1596041211.929064 23.9375 99.29 4.7879 2.3119
1596041212.1687737 23.9375 99.29 4.7876 2.3539
1596041212.4006538 23.9375 99.29 4.7876 2.3934
1596041212.636982 23.9375 99.29 4.7876 2.4338
1596041212.8668628 23.9375 99.29 4.7879 2.4722
1596041213.10592 23.9375 99.29 4.7876 2.5115
1596041213.3360364 23.9375 99.29 4.7873 2.5486
1596041213.5730402 23.9375 99.29 4.7871 2.5862
1596041213.8129053 23.9375 99.29 4.7879 2.6236
1596041214.0461996 23.9375 99.29 4.7876 2.6594
1596041214.2859154 23.9375 99.29 4.7876 2.6954
1596041214.516879 23.9375 99.29 4.7879 2.7296
1596041214.7591586 23.9375 99.29 4.7876 2.7649
1596041214.999142 23.9375 99.29 4.7876 2.7994
1596041215.235605 23.9375 99.29 4.7879 2.8325
1596041215.475551 23.9375 99.29 4.7876 2.8659
1596041215.7091682 23.9375 99.29 4.7879 2.8978
1596041215.9390113 23.9375 99.29 4.7879 2.9286
1596041216.1761506 23.9375 99.29 4.7879 2.9596
1596041216.4060698 23.9375 99.29 4.7876 2.9896
1596041216.637056 23.9375 99.29 4.7879 3.0189
1596041216.8760266 23.9375 99.29 4.7876 3.0490
1596041217.1059616 23.9375 99.29 4.7879 3.0772
1596041217.3392198 23.9375 99.29 4.7881 3.1055
1596041217.5790925 23.9375 99.29 4.7879 3.1341
1596041217.8161445 23.9375 99.29 4.7876 3.1619
1596041218.0559492 23.9375 99.29 4.7876 3.1894
1596041218.2899537 23.9375 99.29 4.7876 3.2159
1596041218.5198662 23.9375 99.29 4.7876 3.2415
1596041218.7498553 23.9375 99.29 4.7879 3.2667
1596041218.9921372 23.9375 99.29 4.7879 3.2929
1596041219.2318892 23.9375 99.29 4.7876 3.3184
1596041219.4658039 23.9375 99.29 4.7879 3.3426
1596041219.705617 23.9375 99.29 4.7873 3.3671
1596041219.9391265 23.9375 99.29 4.7879 3.3907
1596041220.1789904 23.9375 99.29 4.7876 3.4142
1596041220.4160094 23.9375 99.29 4.7881 3.4375
1596041220.650524 23.9375 99.14 4.6788 3.4593
1596041220.8815255 24.0000 99.29 4.4102 3.4767
1596041221.1094427 23.9375 99.29 4.1624 3.4895
1596041221.3492556 23.9375 99.29 3.9180 3.4985
1596041221.5832553 23.9375 99.29 3.6925 3.5033
1596041221.823016 23.9375 99.29 3.4714 3.5043
1596041222.055627 23.9375 99.29 3.2672 3.5018
1596041222.2955623 23.9375 99.29 3.0757 3.4960
1596041222.5295708 23.9375 99.14 2.8987 3.4873
1596041222.7595043 24.0000 99.29 2.7314 3.4761
1596041222.9905212 23.9375 99.29 2.2985 3.4601
1596041223.2256453 24.0000 99.14 1.8870 3.4368
1596041223.46552 24.0000 99.14 1.5608 3.4072
1596041223.7004998 24.0000 99.14 1.2855 3.3739
1596041223.9319983 24.0000 99.29 1.0605 3.3372
1596041224.1622255 23.9375 99.29 0.8819 3.2984
1596041224.4020977 23.9375 99.29 0.7277 3.2560
1596041224.6365566 23.9375 99.29 0.5984 3.2126
1596041224.876295 23.9375 99.29 0.4935 3.1673
1596041225.1063747 23.9375 99.29 0.4128 3.1230
1596041225.3427799 23.9375 99.29 0.3412 3.0767
1596041225.5826101 23.9375 99.14 0.2816 3.0297
1596041225.8171568 24.0000 99.14 0.2357 2.9837
1596041226.0471556 23.9375 99.29 0.1964 2.9383
1596041226.2856455 23.9375 99.14 0.1647 2.8918
1596041226.5253987 24.0000 99.29 0.1379 2.8451
1596041226.762299 23.9375 99.29 0.1149 2.7995
1596041227.0021672 23.9375 99.29 0.1138 2.7540
1596041227.2330303 23.9375 99.29 0.1138 2.7110
1596041227.4758174 24.0000 99.14 0.1773 2.6667
1596041227.7156925 24.0000 99.14 0.3181 2.6255
1596041227.9491575 24.0000 99.14 0.5664 2.5896
1596041228.1791945 24.0000 99.14 1.0219 2.5602
1596041228.4159179 24.0000 99.29 1.8760 2.5418
1596041228.6458492 23.9375 99.29 3.3503 2.5435
1596041228.8792272 23.9375 99.29 4.7873 2.5748
1596041229.1092584 23.9375 99.29 4.7873 2.6108
1596041229.3413286 23.9375 99.29 4.7876 2.6464
1596041229.5833127 23.9375 99.29 4.7876 2.6835
1596041229.8132427 23.9375 99.14 4.7876 2.7176
1596041230.0489252 24.0000 99.14 4.7879 2.7521
1596041230.288798 24.0000 99.29 4.7881 2.7868
1596041230.5261607 23.9375 99.29 4.7879 2.8204
1596041230.7660522 23.9375 99.29 4.7876 2.8537
1596041231.0055153 23.9375 99.14 4.7876 2.8866
1596041231.2453861 24.0000 99.29 0.1526 2.8609
1596041231.4763079 23.9375 99.29 0.1526 2.8162
1596041231.7093296 24.0000 99.14 0.1526 2.7720
1596041231.9392054 24.0000 99.14 0.1524 2.7295
1596041232.1731646 24.0000 99.29 0.1521 2.6868
1596041232.4031854 23.9375 99.29 0.1526 2.6454
1596041232.6357338 23.9375 99.14 0.1524 2.6043
1596041232.8656642 24.0000 99.14 0.1524 2.5643
1596041233.0963883 24.0000 99.29 0.1524 2.5252
1596041233.339401 23.9375 99.29 0.1524 2.4842
1596041233.5800946 23.9375 99.29 0.1524 2.4446
1596041233.817194 23.9375 99.14 0.1524 2.4059
1596041234.057062 24.0000 99.14 0.1521 2.3676
1596041234.2896616 24.0000 99.14 0.1524 2.3310
1596041234.5195422 23.9375 99.29 0.1524 2.2957
1596041234.7524955 23.9375 99.29 0.1524 2.2601
1596041234.9923787 23.9375 99.29 0.1521 2.2244
1596041235.223417 23.9375 99.29 0.1521 2.1908
1596041235.4665077 23.9375 99.29 0.1521 2.1553
1596041235.696376 23.9375 99.29 0.1524 2.1228
1596041235.93941 23.9375 99.29 0.1526 2.0889
1596041236.1792777 23.9375 99.14 0.1521 2.0559
1596041236.4172547 24.0000 99.29 0.1521 2.0239
1596041236.6570544 23.9375 99.29 0.1524 1.9923
1596041236.8968003 23.9375 99.14 0.1521 1.9608
1596041237.1367245 24.0000 99.14 0.1524 1.9302
1596041237.3722866 23.9375 99.29 0.1524 1.9004
1596041237.6120453 23.9375 99.29 0.1521 1.8707
1596041237.8431396 23.9375 99.14 0.1518 1.8427
1596041238.0758154 24.0000 99.29 0.1524 1.8147
1596041238.3056412 23.9375 99.29 0.1521 1.7876
1596041238.5425367 23.9375 99.29 0.1521 1.7602
1596041238.778032 23.9375 99.29 0.1524 1.7335
1596041239.0155594 23.9375 99.29 0.1524 1.7068
1596041239.245438 23.9375 99.29 0.1524 1.6816
1596041239.4795723 23.9375 99.14 0.1521 1.6562
1596041239.7095008 24.0000 99.29 0.1524 1.6316
1596041239.940665 23.9375 99.29 0.1521 1.6074
1596041240.1831083 23.9375 99.29 0.1521 1.5824
1596041240.4129333 23.9375 99.14 0.1518 1.5590
1596041240.6463223 24.0000 99.29 0.1524 1.5358
1596041240.8761976 23.9375 99.29 0.1526 1.5133
1596041241.1095722 23.9375 99.14 0.1524 1.4908
1596041241.3493624 24.0000 99.14 0.1524 1.4681
1596041241.5861049 24.0000 99.29 0.1521 1.4459
1596041241.8259072 23.9375 99.29 0.1521 1.4240
1596041242.0569367 23.9375 99.14 0.1524 1.4032
1596041242.2990546 24.0000 99.29 0.1524 1.3817
1596041242.5289757 23.9375 99.29 0.1524 1.3617
1596041242.7622695 23.9375 99.29 0.1521 1.3417
1596041242.9922523 23.9375 99.29 0.1521 1.3224
1596041243.2262175 23.9375 99.29 0.1524 1.3029
1596041243.4660974 23.9375 99.29 0.1521 1.2833
1596041243.6971004 23.9375 99.29 0.1524 1.2649
1596041243.9402034 23.9375 99.29 0.1524 1.2457
1596041244.1808019 23.9375 99.29 0.1526 1.2271
1596041244.4161453 23.9375 99.29 0.1524 1.2091
1596041244.6463273 23.9375 99.29 0.1521 1.1919
1596041244.8794677 23.9375 99.29 0.1526 1.1747
1596041245.1093998 23.9375 99.29 0.1524 1.1581
1596041245.345795 23.9375 99.29 0.1524 1.1413
1596041245.5857859 23.9375 99.29 0.1521 1.1244
1596041245.8168213 23.9375 99.29 0.1521 1.1086
1596041246.0468667 23.9375 99.14 0.1524 1.0929
1596041246.2766955 24.0000 99.29 0.1524 1.0776
1596041246.5189002 23.9375 99.14 0.1524 1.0617
1596041246.7488234 24.0000 99.14 0.1524 1.0469
1596041246.9860458 23.9375 99.29 0.1524 1.0318
1596041247.2159698 23.9375 99.29 0.1521 1.0175
1596041247.4490001 23.9375 99.14 0.1526 1.0033
1596041247.688876 24.0000 99.29 0.1524 0.9888
1596041247.918831 23.9375 99.29 4.7892 0.9882
1596041248.1521704 23.9375 99.29 4.7873 1.0515
1596041248.382124 23.9375 99.29 4.7868 1.1121
1596041248.6197557 23.9375 99.29 4.7871 1.1741
1596041248.8595042 23.9375 99.29 4.7873 1.2352
1596041249.0925257 23.9375 99.29 4.7876 1.2941
1596041249.332374 23.9375 99.29 4.7876 1.3535
1596041249.5658393 23.9375 99.29 4.7873 1.4102
1596041249.7957556 23.9375 99.29 4.7873 1.4652
1596041250.0278156 23.9375 99.29 0.0278 1.4601
1596041250.2590773 23.9375 99.29 0.0275 1.4365
1596041250.4889038 23.9375 99.29 0.0273 1.4136
1596041250.7208822 23.9375 99.29 0.0273 1.3909
1596041250.9508238 23.9375 99.29 0.0273 1.3685
1596041251.18564 23.9375 99.29 0.0275 1.3463
1596041251.4255052 23.9375 99.14 0.0270 1.3239
1596041251.657451 24.0000 99.29 0.0275 1.3026
1596041251.900473 23.9375 99.29 0.0275 1.2806
1596041252.1326396 23.9375 99.29 0.0273 1.2601
1596041252.3757257 23.9375 99.29 0.0275 1.2387
1596041252.6056063 24.0000 99.14 0.0270 1.2190
1596041252.839298 24.0000 99.29 0.0273 1.1993
1596041253.079153 23.9375 99.29 4.7868 1.2340
1596041253.312417 23.9375 99.29 4.7873 1.2924
1596041253.542363 23.9375 99.14 4.7873 1.3496
1596041253.7734756 24.0000 99.14 4.7873 1.4056
1596041254.015676 24.0000 99.29 4.7876 1.4636
1596041254.2469962 23.9375 99.14 4.7879 1.5180
1596041254.4826734 24.0000 99.29 4.7873 1.5729
1596041254.7224932 23.9375 99.29 4.7876 1.6275
1596041254.9555597 23.9375 99.29 4.7879 1.6797
1596041255.1855025 23.9375 99.29 4.7876 1.7304
1596041255.4199479 23.9375 99.29 4.7876 1.7810
1596041255.6598053 23.9375 99.29 4.7879 1.8322
1596041255.8912325 23.9375 99.29 4.7873 1.8805
1596041256.132402 23.9375 99.14 4.7876 1.9303
1596041256.373245 24.0000 99.29 4.7881 1.9789
1596041256.6109195 23.9375 99.29 4.7879 2.0263
1596041256.840857 24.0000 99.14 4.7879 2.0713
1596041257.0732746 24.0000 99.29 4.7873 2.1161
1596041257.3032613 23.9375 99.14 4.7873 2.1595
1596041257.5395105 24.0000 99.29 4.7873 2.2034
1596041257.769549 23.9375 99.29 4.7879 2.2457
1596041258.000537 23.9375 99.29 4.7876 2.2871
1596041258.2295816 23.9375 99.29 4.7876 2.3279
1596041258.4594636 23.9375 99.14 4.7879 2.3680
1596041258.6931474 24.0000 99.14 4.7879 2.4079
1596041258.9230475 24.0000 99.14 4.7879 2.4469
1596041259.156419 24.0000 99.14 4.7876 2.4855
1596041259.3863416 23.9375 99.29 4.7876 2.5230
1596041259.6222198 23.9375 99.14 4.7873 2.5606
1596041259.862113 24.0000 99.14 4.7876 2.5986
1596041260.0940382 24.0000 99.29 4.7879 2.6344
1596041260.3260698 23.9375 99.14 4.7879 2.6699
1596041260.565888 24.0000 99.14 4.7873 2.7058
1596041260.799614 24.0000 99.14 4.7873 2.7405
1596041261.03941 24.0000 99.14 4.7876 2.7751
1596041261.272644 24.0000 99.14 4.7873 2.8080
1596041261.502615 24.0000 99.14 4.7876 2.8407
1596041261.7359512 24.0000 99.14 4.7879 2.8729
1596041261.97566 24.0000 99.14 4.7873 2.9053
1596041262.2069638 24.0000 99.14 4.7876 2.9361
1596041262.4423366 24.0000 99.14 4.7876 2.9672
1596041262.682143 24.0000 99.14 4.7876 2.9980
1596041262.9157755 24.0000 99.14 4.7873 3.0277
1596041263.1555355 24.0000 99.14 4.7873 3.0576
1596041263.3957684 24.0000 99.14 4.7876 3.0871
1596041263.635644 24.0000 99.14 4.7873 3.1159
1596041263.872688 24.0000 99.14 4.7876 3.1438
1596041264.1124551 24.0000 99.14 4.7873 3.1720
1596041264.3465059 24.0000 99.14 4.7876 3.1987
1596041264.582298 24.0000 99.14 4.7873 3.2252
1596041264.8221207 24.0000 99.14 4.7876 3.2517
1596041265.0631502 24.0000 99.14 4.7876 3.2779
1596041265.3031783 24.0000 99.14 4.7876 3.3036
1596041265.5365105 24.0000 99.14 4.7876 3.3281
1596041265.763407 24.0000 99.14 4.7876 3.3517
1596041265.9999554 24.0000 99.14 4.7876 3.3757
1596041266.2397864 24.0000 99.14 4.7876 3.3994
1596041266.471194 24.0000 99.14 4.7873 3.4223
1596041266.7136097 24.0000 99.14 4.7876 3.4457
1596041266.9435928 24.0000 99.14 4.5796 3.4662
1596041267.186141 24.0000 99.14 4.3067 3.4826
1596041267.4260118 24.0000 99.14 4.0515 3.4941
1596041267.6633024 24.0000 98.99 3.8082 3.5011
1596041267.8933978 24.0625 98.99 3.5894 3.5042
1596041268.1268492 24.0625 99.14 3.3831 3.5037
1596041268.3567338 24.0000 99.14 3.1971 3.5000
1596041268.5877028 24.0000 99.14 3.0128 3.4933
1596041268.827101 24.0000 98.99 2.8321 3.4833
1596041269.066975 24.0625 98.99 2.5583 3.4703
1596041269.3126922 24.0625 98.99 2.0997 3.4498
1596041269.5425828 24.0625 99.14 1.7376 3.4245
1596041269.7758932 24.0000 99.14 1.4370 3.3936
1596041270.0059288 24.0000 99.14 1.1884 3.3592
1596041270.240014 24.0000 99.14 0.9847 3.3212
1596041270.469841 24.0000 99.14 0.8155 3.2815
1596041270.700959 24.0000 99.14 0.6771 3.2399
1596041270.9260318 24.0000 99.14 0.5609 3.1978
1596041271.1659448 24.0000 99.14 0.4634 3.1520
1596041271.3969345 24.0000 99.14 0.3873 3.1074
1596041271.6288967 24.0000 99.14 0.3197 3.0621
1596041271.8628561 24.0000 99.14 0.2670 3.0161
1596041272.1026683 24.0000 98.99 0.2211 2.9687
1596041272.3335404 24.0625 98.99 0.1857 2.9236
1596041272.562534 24.0625 99.14 0.1568 2.8787
1596041272.8031964 24.0000 99.14 0.1316 2.8324
1596041273.043042 24.0000 99.14 0.1135 2.7861
1596041273.2829108 24.0000 99.14 0.1138 2.7408
1596041273.5162907 24.0000 99.14 0.1198 2.6975
1596041273.7483473 24.0000 99.14 0.2056 2.6556
1596041273.9796972 24.0000 99.14 0.3629 2.6167
1596041274.2096155 24.0000 99.14 0.6422 2.5824
1596041274.4414754 24.0000 99.14 1.1538 2.5551
1596041274.6733274 24.0000 99.14 2.1073 2.5402
1596041274.9130387 24.0000 98.99 3.8790 2.5485
1596041275.1493018 24.0625 99.14 4.7876 2.5843
1596041275.3793397 24.0000 98.99 4.7876 2.6199
1596041275.6124296 24.0625 99.14 4.7876 2.6560
1596041275.8521948 24.0000 99.14 4.7876 2.6922
1596041276.0858955 24.0625 98.99 4.7876 2.7268
1596041276.3158195 24.0625 99.14 4.7876 2.7604
1596041276.5467737 24.0000 99.14 4.7876 2.7934
1596041276.7792826 24.0000 98.99 4.7873 2.8266
1596041277.0191429 24.0625 99.14 4.7873 2.8598
1596041277.262771 24.0000 99.14 4.7873 2.8930
1596041277.502586 24.0000 99.14 0.1529 2.8513
1596041277.7329872 24.0000 98.99 0.1521 2.8071
1596041277.9727473 24.0625 99.14 0.1521 2.7622
1596041278.210208 24.0000 99.14 0.1524 2.7184
1596041278.440093 24.0000 99.14 0.1524 2.6766
1596041278.6710587 24.0000 99.14 0.1524 2.6354
1596041278.8995514 24.0000 99.14 0.1524 2.5950
1596041279.1294236 24.0000 98.99 0.1524 2.5552
1596041279.3695624 24.0625 99.14 0.1526 2.5145
1596041279.609399 24.0000 99.14 0.1521 2.4741
1596041279.8464763 24.0000 99.14 0.1524 2.4351
1596041280.0862546 24.0000 99.14 0.1521 2.3965
1596041280.3197494 24.0000 99.14 0.1524 2.3593
1596041280.5595152 24.0000 98.99 0.1524 2.3218
1596041280.7862647 24.0625 98.99 0.1524 2.2871
1596041281.029107 24.0625 98.99 0.1526 2.2503
1596041281.2689745 24.0625 98.99 0.1521 2.2149
1596041281.5026336 24.0625 98.99 0.1521 2.1806
1596041281.738471 24.0000 99.14 0.1521 2.1467
1596041281.972774 24.0000 99.14 0.1524 2.1135
1596041282.20958 24.0000 99.14 0.1521 2.0805
1596041282.4460764 24.0000 99.14 0.1521 2.0482
1596041282.6866255 24.0000 99.14 0.1524 2.0159
1596041282.9228282 24.0000 99.14 0.1524 1.9849
1596041283.1626496 24.0000 99.14 0.1524 1.9535
